{
 "cells": [
  {
   "cell_type": "code",
   "execution_count": 1,
   "id": "1bffaa0a-65c3-44c7-8c66-a425f3b4474b",
   "metadata": {},
   "outputs": [],
   "source": [
    "import numpy as np"
   ]
  },
  {
   "cell_type": "code",
   "execution_count": 2,
   "id": "ee13d3f0-4be1-4aa4-923d-66f2ca96bbc1",
   "metadata": {},
   "outputs": [],
   "source": [
    "np.random.seed(0)"
   ]
  },
  {
   "cell_type": "code",
   "execution_count": 3,
   "id": "20793b18-00b6-4683-84e8-0deaa38d3247",
   "metadata": {},
   "outputs": [
    {
     "name": "stdout",
     "output_type": "stream",
     "text": [
      "Matrix 0:\n",
      " [[  2   5 -10]\n",
      " [ -7  -7  -3]\n",
      " [ -1   9   8]]\n",
      "Matrix 1:\n",
      " [[-6 -4  2]\n",
      " [-9 -4 -3]\n",
      " [ 4  7 -5]]\n",
      "Matrix 2:\n",
      " [[ 3 -2 -1]\n",
      " [10  9  6]\n",
      " [ 9 -5  5]]\n"
     ]
    }
   ],
   "source": [
    "#Each of 3 matrices\n",
    "matrices = []\n",
    "\n",
    "for i in range(3):\n",
    "    M = np.random.randint(-10, 11, size=(3,3))\n",
    "    matrices.append(M)\n",
    "    print(f\"Matrix {i}:\\n\", M)"
   ]
  },
  {
   "cell_type": "code",
   "execution_count": 4,
   "id": "3c151e53-3fd8-4b0d-b7ae-daa7646c01df",
   "metadata": {},
   "outputs": [
    {
     "name": "stdout",
     "output_type": "stream",
     "text": [
      "Inverse Matrix 0:\n",
      " [[-0.03094984 -0.13874066 -0.09071505]\n",
      " [ 0.06296692  0.00640342  0.08110993]\n",
      " [-0.07470651 -0.02454642  0.02241195]]\n",
      "Inverse Matrix 1:\n",
      " [[-0.36607143  0.05357143 -0.17857143]\n",
      " [ 0.50892857 -0.19642857  0.32142857]\n",
      " [ 0.41964286 -0.23214286  0.10714286]]\n",
      "Inverse Matrix 2:\n",
      " [[ 0.21551724  0.04310345 -0.00862069]\n",
      " [ 0.01149425  0.06896552 -0.08045977]\n",
      " [-0.37643678 -0.00862069  0.13505747]]\n"
     ]
    }
   ],
   "source": [
    "#The inverses computed with the package\n",
    "inverses = []\n",
    "\n",
    "for i, M in enumerate(matrices):\n",
    "    try:\n",
    "        M_inv = np.linalg.inv(M)\n",
    "        inverses.append(M_inv)\n",
    "        print(f\"Inverse Matrix {i}:\\n\", M_inv)\n",
    "    except np.linalg.LinAlgError:\n",
    "        inverses.append(None)\n",
    "        print(f\"Matrix{i} has no inverse.\")"
   ]
  },
  {
   "cell_type": "code",
   "execution_count": 5,
   "id": "77ac3846-3cca-4781-bf77-a6b419cf00d5",
   "metadata": {},
   "outputs": [
    {
     "name": "stdout",
     "output_type": "stream",
     "text": [
      "Product of Matrix 0 and its Inverse:\n",
      " [[1 0 0]\n",
      " [0 1 0]\n",
      " [0 0 1]]\n",
      "Product of Matrix 1 and its Inverse:\n",
      " [[1 0 0]\n",
      " [0 1 0]\n",
      " [0 0 1]]\n",
      "Product of Matrix 2 and its Inverse:\n",
      " [[1 0 0]\n",
      " [0 1 0]\n",
      " [0 0 1]]\n"
     ]
    }
   ],
   "source": [
    "#Compute the product of each matrix with its inverse to check that you obtain the identity matrix.\n",
    "for i in range(len(matrices)):\n",
    "    if inverses[i] is not None:\n",
    "        product = matrices[i] @ inverses[i]\n",
    "        identity_check = np.round(product, 10)\n",
    "        print(f\"Product of Matrix {i} and its Inverse:\\n\", identity_check.astype(int))\n",
    "    else:\n",
    "        print(f\"Matrix {i} has no inverse, so no verification is possible.\")"
   ]
  }
 ],
 "metadata": {
  "kernelspec": {
   "display_name": "Python 3 (ipykernel)",
   "language": "python",
   "name": "python3"
  },
  "language_info": {
   "codemirror_mode": {
    "name": "ipython",
    "version": 3
   },
   "file_extension": ".py",
   "mimetype": "text/x-python",
   "name": "python",
   "nbconvert_exporter": "python",
   "pygments_lexer": "ipython3",
   "version": "3.13.11"
  }
 },
 "nbformat": 4,
 "nbformat_minor": 5
}
